name: SAD_env
channels:
  - anaconda
  - conda-forge
  - defaults
dependencies:
  - audioread=2.1.8=py36h9f0ad1d_2
  - backports=1.0=py_2
  - backports.weakref=1.0rc1=py36_1
  - blas=1.0=mkl
  - bleach=1.5.0=py36_0
  - ca-certificates=2020.4.5.1=hecc5488_0
  - certifi=2020.4.5.1=py36h9f0ad1d_0
  - cycler=0.10.0=py_2
  - decorator=4.4.2=py_0
  - freetype=2.10.1=ha9979f8_0
  - html5lib=0.9999999=py36_0
  - icc_rt=2019.0.0=h0cc432a_1
  - icu=64.2=he025d50_1
  - intel-openmp=2020.0=166
  - joblib=0.14.1=py_0
  - jpeg=9c=hfa6e2cd_1001
  - kiwisolver=1.2.0=py36h246c5b5_0
  - libblas=3.8.0=8_mkl
  - libcblas=3.8.0=8_mkl
  - libclang=9.0.1=default_hf44288c_0
  - libpng=1.6.37=hfe6a214_1
  - libprotobuf=3.11.4=h1a1b453_0
  - librosa=0.6.1=py36_0
  - llvmlite=0.31.0=py36h9f0ad1d_1
  - markdown=3.2.1=py_0
  - matplotlib=3.2.1=0
  - matplotlib-base=3.2.1=py36hf0cddfc_0
  - mkl=2019.5=281
  - mkl-service=2.3.0=py36hb782905_0
  - mkl_fft=1.0.15=py36h14836fe_0
  - mkl_random=1.1.0=py36h675688f_0
  - mock=3.0.5=py36h9f0ad1d_1
  - numba=0.48.0=py36he350917_0
  - numpy=1.18.1=py36h93ca92e_0
  - numpy-base=1.18.1=py36hc3f5095_1
  - openssl=1.1.1g=he774522_0
  - pip=20.0.2=py36_1
  - protobuf=3.11.4=py36h97ec31f_1
  - pyparsing=2.4.7=pyh9f0ad1d_0
  - pyqt=5.12.3=py36h6538335_1
  - python=3.6.10=h9f7ef89_1
  - python-dateutil=2.8.1=py_0
  - python_abi=3.6=1_cp36m
  - qt=5.12.5=h7ef1ec2_0
  - resampy=0.2.2=py_0
  - scikit-learn=0.22.1=py36h6288b17_0
  - scipy=1.4.1=py36h9439919_0
  - setuptools=46.1.3=py36_0
  - six=1.14.0=py36_0
  - sqlite=3.31.1=h2a8f88b_1
  - tensorflow=1.3.0=py36_0
  - tornado=6.0.4=py36hfa6e2cd_0
  - vc=14.1=h0510ff6_4
  - vs2015_runtime=14.16.27012=hf0eaf9b_1
  - webencodings=0.5.1=py_1
  - werkzeug=1.0.1=pyh9f0ad1d_0
  - wheel=0.34.2=py36_0
  - wincertstore=0.2=py36h7fe50ca_0
  - zlib=1.2.11=h62dcd97_4
  - pip:
    - matlabengineforpython==R2018a
    - pyqt5-sip==4.19.18
    - pyqtwebengine==5.12.1
prefix: C:\meital\Apps\envs\SAD_env

