mrcg:  26.05557475090027 
mfcc:  0.24344730377197266 
ams:  3.7127809429168703 
mr_mfcc:  1.106481282711029 
gfcc:  0.34880493640899657 
